[vision_banner.jpg]
filters=tilt=1,0.067152,0.000000;autocolor=1;
moddate=80e6d440ca7ace01
width=836
height=211
text=2;131;10;CENCACYLIV;Arial;0.367820,0.140534,0.283050,0.000000;v1,4278190080,4278190080,128.000000,1.000000,0.000000,1.000000,400,0,49152;;173;52;PORQUE EL SIGUIENTE PASO&#010;SE PUEDE DAR CON UN BASTÓN;Arial;0.453315,0.504485,0.123947,6.283185;v1,4281940281,4278190080,128.000000,1.000000,0.000000,1.000000,400,0,49152;;
textactive=1
